4.745762711864406347e-01 6.610169491525430541e-01
8.474576271186440302e-01 2.881355932203397141e-01
1.355932203389830504e-01 9.491525423728803812e-01
3.389830508474578341e-02 3.559322033898301152e-01
0.000000000000000000e+00 4.576271186440681871e-01
6.440677966101695517e-01 5.254237288135598094e-01
3.220338983050847204e-01 2.881355932203397141e-01
8.983050847457627608e-01 0.000000000000000000e+00
9.491525423728812694e-01 3.728813559322033400e-01
6.271186440677967155e-01 1.864406779661016700e-01
2.203389830508474811e-01 9.830508474576268307e-01
4.067796610169492344e-01 6.440677966101698848e-01
5.254237288135593653e-01 3.389830508474581672e-01
4.067796610169492344e-01 8.135593220338971365e-01
3.559322033898305038e-01 4.406779661016949623e-01
4.406779661016949623e-01 8.474576271186434751e-01
9.830508474576271638e-01 0.000000000000000000e+00
3.050847457627118842e-01 8.135593220338971365e-01
8.813559322033899246e-01 4.237288135593217375e-01
3.050847457627118842e-01 9.491525423728803812e-01
9.322033898305085442e-01 1.694915254237321436e-02
6.779661016949153352e-01 1.186440677966100476e-01
3.898305084745762872e-01 5.254237288135598094e-01
9.322033898305085442e-01 2.203389830508481195e-01
6.949152542372881713e-01 1.016949152542380580e-01
1.694915254237288060e-01 9.491525423728803812e-01
6.949152542372881713e-01 8.305084745762703058e-01
8.135593220338984688e-01 5.084745762711866401e-01
9.491525423728812694e-01 1.694915254237296942e-01
3.220338983050847204e-01 3.050847457627117176e-01
1.355932203389830504e-01 1.000000000000000000e+00
3.220338983050847204e-01 9.491525423728803812e-01
9.661016949152542166e-01 2.542372881355933201e-01
4.745762711864406347e-01 4.915254237288134154e-01
8.135593220338984688e-01 2.542372881355933201e-01
8.474576271186438914e-02 4.576271186440681871e-01
8.305084745762710829e-01 7.796610169491531295e-01
1.016949152542373086e-01 1.525423728813564694e-01
2.203389830508474811e-01 1.694915254237296942e-01
1.694915254237287089e-02 1.694915254237296942e-01
2.881355932203389925e-01 7.627118644067799602e-01
8.135593220338984688e-01 1.694915254237296942e-01
1.694915254237288060e-01 5.593220338983062589e-01
6.101694915254237683e-01 1.694915254237296942e-01
7.457627118644067910e-01 5.084745762711866401e-01
0.000000000000000000e+00 2.542372881355933201e-01
2.881355932203389925e-01 8.474576271186484711e-02
5.254237288135593653e-01 1.186440677966100476e-01
4.067796610169492344e-01 2.033898305084748948e-01
3.389830508474578341e-02 3.898305084745765647e-01
8.813559322033899246e-01 4.067796610169497895e-01
3.389830508474576121e-01 8.644067796610167553e-01
9.152542372881355970e-01 5.762711864406769857e-01
1.016949152542373086e-01 6.610169491525430541e-01
6.610169491525423879e-01 5.762711864406769857e-01
1.186440677966101587e-01 9.152542372881363741e-01
2.372881355932203173e-01 4.576271186440681871e-01
1.525423728813559421e-01 5.084745762711866401e-01
1.016949152542373086e-01 3.559322033898301152e-01
5.423728813559322015e-01 9.322033898305071009e-01
9.491525423728812694e-01 6.949152542372870611e-01
2.203389830508474811e-01 8.474576271186434751e-01
9.830508474576271638e-01 9.152542372881363741e-01
1.694915254237288060e-01 0.000000000000000000e+00
3.220338983050847204e-01 6.779661016949163621e-02
6.610169491525423879e-01 1.355932203389832724e-01
9.322033898305085442e-01 4.745762711864401906e-01
3.389830508474576121e-01 5.932203389830502660e-01
5.254237288135593653e-01 8.474576271186434751e-01
2.881355932203389925e-01 2.881355932203397141e-01
1.694915254237288060e-01 9.830508474576268307e-01
1.525423728813559421e-01 9.830508474576268307e-01
3.389830508474576121e-01 4.406779661016949623e-01
0.000000000000000000e+00 0.000000000000000000e+00
1.186440677966101587e-01 1.355932203389832724e-01
5.084745762711865430e-02 2.711864406779665448e-01
5.932203389830508211e-01 7.966101694915262987e-01
9.830508474576271638e-01 5.254237288135598094e-01
6.779661016949153352e-01 7.796610169491531295e-01
1.355932203389830504e-01 4.406779661016949623e-01
7.966101694915254106e-01 3.050847457627117176e-01
3.728813559322033955e-01 9.322033898305071009e-01
6.949152542372881713e-01 3.728813559322033400e-01
3.050847457627118842e-01 1.000000000000000000e+00
2.372881355932203173e-01 7.966101694915262987e-01
6.101694915254237683e-01 2.033898305084748948e-01
9.322033898305085442e-01 2.881355932203397141e-01
5.084745762711864181e-01 5.254237288135598094e-01
3.050847457627118842e-01 6.271186440677966045e-01
8.135593220338984688e-01 2.372881355932200953e-01
1.694915254237287089e-02 5.254237288135598094e-01
1.694915254237287089e-02 6.271186440677966045e-01
1.694915254237288060e-01 6.101694915254234353e-01
2.881355932203389925e-01 3.898305084745765647e-01
7.627118644067796271e-01 8.135593220338971365e-01
6.440677966101695517e-01 0.000000000000000000e+00
1.694915254237288060e-01 6.949152542372870611e-01
5.084745762711864181e-01 5.084745762711866401e-01
1.016949152542373086e-01 5.084745762711866401e-01
8.983050847457627608e-01 7.627118644067799602e-01
2.372881355932203173e-01 4.237288135593217375e-01
0.000000000000000000e+00 9.661016949152535505e-01
8.474576271186438914e-02 2.203389830508481195e-01
6.610169491525423879e-01 6.101694915254234353e-01
3.220338983050847204e-01 1.355932203389832724e-01
7.627118644067796271e-01 7.288135593220335107e-01
1.186440677966101587e-01 1.694915254237296942e-01
4.745762711864406347e-01 7.796610169491531295e-01
5.593220338983050377e-01 5.593220338983062589e-01
4.406779661016949623e-01 1.694915254237296942e-01
3.220338983050847204e-01 2.711864406779665448e-01
7.796610169491525744e-01 8.305084745762703058e-01
9.322033898305085442e-01 1.016949152542380580e-01
7.966101694915254106e-01 3.389830508474642873e-02
1.864406779661016977e-01 6.271186440677966045e-01
2.542372881355932090e-01 6.949152542372870611e-01
3.728813559322033955e-01 7.288135593220335107e-01
1.694915254237288060e-01 1.000000000000000000e+00
8.474576271186440302e-01 8.983050847457632049e-01
3.389830508474578341e-02 1.355932203389832724e-01
2.542372881355932090e-01 7.288135593220335107e-01
9.830508474576271638e-01 2.372881355932200953e-01
8.474576271186438914e-02 6.949152542372870611e-01
3.220338983050847204e-01 8.305084745762703058e-01
1.016949152542373086e-01 3.898305084745765647e-01
1.864406779661016977e-01 1.000000000000000000e+00
5.084745762711865430e-02 6.271186440677966045e-01
5.254237288135593653e-01 1.016949152542380580e-01
7.796610169491525744e-01 1.016949152542380580e-01
7.796610169491525744e-01 4.915254237288134154e-01
3.220338983050847204e-01 4.915254237288134154e-01
6.949152542372881713e-01 6.271186440677966045e-01
6.440677966101695517e-01 2.033898305084748948e-01
6.101694915254237683e-01 1.355932203389832724e-01
5.423728813559322015e-01 6.610169491525430541e-01
1.694915254237287089e-02 2.203389830508481195e-01
5.762711864406779849e-01 0.000000000000000000e+00
5.762711864406779849e-01 4.406779661016949623e-01
3.389830508474576121e-01 8.813559322033899246e-01
2.033898305084746172e-01 3.559322033898301152e-01
5.593220338983050377e-01 8.983050847457632049e-01
1.016949152542373086e-01 7.118644067796602304e-01
6.440677966101695517e-01 4.237288135593217375e-01
7.796610169491525744e-01 0.000000000000000000e+00
3.389830508474578341e-02 1.000000000000000000e+00
7.966101694915254106e-01 8.305084745762703058e-01
8.983050847457627608e-01 1.016949152542380580e-01
1.016949152542373086e-01 9.152542372881363741e-01
2.711864406779661008e-01 4.237288135593217375e-01
4.576271186440677985e-01 6.610169491525430541e-01
3.389830508474576121e-01 6.779661016949163621e-02
9.322033898305085442e-01 6.779661016949163621e-02
5.084745762711865430e-02 9.322033898305071009e-01
6.440677966101695517e-01 1.694915254237321436e-02
4.067796610169492344e-01 1.355932203389832724e-01
2.542372881355932090e-01 8.474576271186434751e-01
4.406779661016949623e-01 1.694915254237321436e-02
7.796610169491525744e-01 4.576271186440681871e-01
1.186440677966101587e-01 8.474576271186434751e-01
5.254237288135593653e-01 7.118644067796602304e-01
8.644067796610168664e-01 6.610169491525430541e-01
3.389830508474578341e-02 5.084745762711866401e-01
7.627118644067796271e-01 8.813559322033899246e-01
9.152542372881355970e-01 7.627118644067799602e-01
6.271186440677967155e-01 8.644067796610167553e-01
4.745762711864406347e-01 8.305084745762703058e-01
1.525423728813559421e-01 5.254237288135598094e-01
7.118644067796610075e-01 3.559322033898301152e-01
1.000000000000000000e+00 1.016949152542380580e-01
6.779661016949152519e-02 8.135593220338971365e-01
9.152542372881355970e-01 8.305084745762703058e-01
9.830508474576271638e-01 5.762711864406769857e-01
4.237288135593220151e-01 4.067796610169497895e-01
1.525423728813559421e-01 2.372881355932200953e-01
6.271186440677967155e-01 8.305084745762703058e-01
5.254237288135593653e-01 8.983050847457632049e-01
6.101694915254237683e-01 9.322033898305071009e-01
8.135593220338984688e-01 1.355932203389832724e-01
1.016949152542373086e-01 4.237288135593217375e-01
5.084745762711865430e-02 4.576271186440681871e-01
8.474576271186440302e-01 7.627118644067799602e-01
1.000000000000000000e+00 7.627118644067799602e-01
6.440677966101695517e-01 1.694915254237296942e-01
9.152542372881355970e-01 4.915254237288134154e-01
4.067796610169492344e-01 3.898305084745765647e-01
9.152542372881355970e-01 3.898305084745765647e-01
5.254237288135593653e-01 1.694915254237296942e-01
4.406779661016949623e-01 1.864406779661016700e-01
2.033898305084746172e-01 6.779661016949163621e-02
6.779661016949153352e-01 1.694915254237296942e-01
6.779661016949152519e-02 2.203389830508481195e-01
0.000000000000000000e+00 2.203389830508481195e-01
9.152542372881355970e-01 8.644067796610167553e-01
6.610169491525423879e-01 5.423728813559317574e-01
5.423728813559322015e-01 9.152542372881363741e-01
1.864406779661016977e-01 6.440677966101698848e-01
2.542372881355932090e-01 1.000000000000000000e+00
7.966101694915254106e-01 4.406779661016949623e-01
5.932203389830508211e-01 6.101694915254234353e-01
6.779661016949152519e-02 1.694915254237321436e-02
6.101694915254237683e-01 8.305084745762703058e-01
6.101694915254237683e-01 6.101694915254234353e-01
5.084745762711864181e-01 8.474576271186434751e-01
4.406779661016949623e-01 1.016949152542380580e-01
8.813559322033899246e-01 1.016949152542380580e-01
1.525423728813559421e-01 1.864406779661016700e-01
5.762711864406779849e-01 3.220338983050849424e-01
1.864406779661016977e-01 9.830508474576268307e-01
6.779661016949153352e-01 5.084745762711866401e-01
2.033898305084746172e-01 8.135593220338971365e-01
2.881355932203389925e-01 1.355932203389832724e-01
4.067796610169492344e-01 6.101694915254234353e-01
6.779661016949152519e-02 5.593220338983062589e-01
1.694915254237287089e-02 6.610169491525430541e-01
2.542372881355932090e-01 6.101694915254234353e-01
6.610169491525423879e-01 9.322033898305071009e-01
2.881355932203389925e-01 1.694915254237321436e-02
5.762711864406779849e-01 1.186440677966100476e-01
6.779661016949152519e-02 7.966101694915262987e-01
9.491525423728812694e-01 4.237288135593217375e-01
3.898305084745762872e-01 2.203389830508481195e-01
1.355932203389830504e-01 1.355932203389832724e-01
2.203389830508474811e-01 3.559322033898301152e-01
1.864406779661016977e-01 1.525423728813564694e-01
8.813559322033899246e-01 2.542372881355933201e-01
2.033898305084746172e-01 9.830508474576268307e-01
9.491525423728812694e-01 7.288135593220335107e-01
8.474576271186440302e-01 1.186440677966100476e-01
9.322033898305085442e-01 6.101694915254234353e-01
4.915254237288135819e-01 1.525423728813564694e-01
5.593220338983050377e-01 2.203389830508481195e-01
9.152542372881355970e-01 6.949152542372870611e-01
8.644067796610168664e-01 2.203389830508481195e-01
9.491525423728812694e-01 1.864406779661016700e-01
3.559322033898305038e-01 2.711864406779665448e-01
5.423728813559322015e-01 4.406779661016949623e-01
2.203389830508474811e-01 6.610169491525430541e-01
2.881355932203389925e-01 9.661016949152535505e-01
8.644067796610168664e-01 1.000000000000000000e+00
5.423728813559322015e-01 4.576271186440681871e-01
2.881355932203389925e-01 6.949152542372870611e-01
4.067796610169492344e-01 7.966101694915262987e-01
5.762711864406779849e-01 6.101694915254234353e-01
1.000000000000000000e+00 1.694915254237321436e-02
2.372881355932203173e-01 1.186440677966100476e-01
3.220338983050847204e-01 5.932203389830502660e-01
6.101694915254237683e-01 4.576271186440681871e-01
7.966101694915254106e-01 8.813559322033899246e-01
1.864406779661016977e-01 6.779661016949163621e-02
8.135593220338984688e-01 6.610169491525430541e-01
2.033898305084746172e-01 3.389830508474642873e-02
4.406779661016949623e-01 6.779661016949163621e-02
4.576271186440677985e-01 8.644067796610167553e-01
5.423728813559322015e-01 7.288135593220335107e-01
2.711864406779661008e-01 3.050847457627117176e-01
1.864406779661016977e-01 8.813559322033899246e-01
7.118644067796610075e-01 5.084745762711964656e-02
0.000000000000000000e+00 5.423728813559317574e-01
4.406779661016949623e-01 1.186440677966100476e-01
5.593220338983050377e-01 2.542372881355933201e-01
3.559322033898305038e-01 9.152542372881363741e-01
8.983050847457627608e-01 2.033898305084748948e-01
9.661016949152542166e-01 5.932203389830502660e-01
2.881355932203389925e-01 6.779661016949163621e-02
2.203389830508474811e-01 8.474576271186484711e-02
1.864406779661016977e-01 1.355932203389832724e-01
8.813559322033899246e-01 3.559322033898301152e-01
9.322033898305085442e-01 4.915254237288134154e-01
2.203389830508474811e-01 4.576271186440681871e-01
2.033898305084746172e-01 1.016949152542380580e-01
1.694915254237288060e-01 7.796610169491531295e-01
1.000000000000000000e+00 8.135593220338971365e-01
6.610169491525423879e-01 0.000000000000000000e+00
6.949152542372881713e-01 2.372881355932200953e-01
7.118644067796610075e-01 6.271186440677966045e-01
5.423728813559322015e-01 1.000000000000000000e+00
9.491525423728812694e-01 8.474576271186434751e-01
4.745762711864406347e-01 4.406779661016949623e-01
3.898305084745762872e-01 2.372881355932200953e-01
2.881355932203389925e-01 1.864406779661016700e-01
4.237288135593220151e-01 2.711864406779665448e-01
2.711864406779661008e-01 5.084745762711964656e-02
3.389830508474578341e-02 7.796610169491531295e-01
3.389830508474576121e-01 6.271186440677966045e-01
2.711864406779661008e-01 2.542372881355933201e-01
1.694915254237287089e-02 7.118644067796602304e-01
8.474576271186440302e-01 2.203389830508481195e-01
3.050847457627118842e-01 3.050847457627117176e-01
1.016949152542373086e-01 7.457627118644066799e-01
6.779661016949153352e-01 4.915254237288134154e-01
9.830508474576271638e-01 1.016949152542380580e-01
2.372881355932203173e-01 3.898305084745765647e-01
6.101694915254237683e-01 7.288135593220335107e-01
6.610169491525423879e-01 7.118644067796602304e-01
3.559322033898305038e-01 4.576271186440681871e-01
5.593220338983050377e-01 8.474576271186484711e-02
6.610169491525423879e-01 5.593220338983062589e-01
3.220338983050847204e-01 4.745762711864401906e-01
2.033898305084746172e-01 7.966101694915262987e-01
5.084745762711865430e-02 6.101694915254234353e-01
8.135593220338984688e-01 5.254237288135598094e-01
2.203389830508474811e-01 5.423728813559317574e-01
7.457627118644067910e-01 6.440677966101698848e-01
7.288135593220339548e-01 5.084745762711964656e-02
1.694915254237288060e-01 7.627118644067799602e-01
1.694915254237288060e-01 7.457627118644066799e-01
9.322033898305085442e-01 8.813559322033899246e-01
7.288135593220339548e-01 8.813559322033899246e-01
5.932203389830508211e-01 4.915254237288134154e-01
7.118644067796610075e-01 3.389830508474581672e-01
2.203389830508474811e-01 5.254237288135598094e-01
7.457627118644067910e-01 9.491525423728803812e-01
9.491525423728812694e-01 8.135593220338971365e-01
1.694915254237287089e-02 7.966101694915262987e-01
6.101694915254237683e-01 1.186440677966100476e-01
1.355932203389830504e-01 2.542372881355933201e-01
2.033898305084746172e-01 8.644067796610167553e-01
3.898305084745762872e-01 1.355932203389832724e-01
1.694915254237287089e-02 3.728813559322033400e-01
4.915254237288135819e-01 5.593220338983062589e-01
2.203389830508474811e-01 6.779661016949163621e-02
4.745762711864406347e-01 6.101694915254234353e-01
8.305084745762710829e-01 2.203389830508481195e-01
5.254237288135593653e-01 2.372881355932200953e-01
4.576271186440677985e-01 2.542372881355933201e-01
3.389830508474576121e-01 2.542372881355933201e-01
8.474576271186438914e-02 7.796610169491531295e-01
9.152542372881355970e-01 5.423728813559317574e-01
1.864406779661016977e-01 7.796610169491531295e-01
9.661016949152542166e-01 7.966101694915262987e-01
2.881355932203389925e-01 9.152542372881363741e-01
4.406779661016949623e-01 0.000000000000000000e+00
4.915254237288135819e-01 8.983050847457632049e-01
8.474576271186440302e-01 5.593220338983062589e-01
7.966101694915254106e-01 7.288135593220335107e-01
4.067796610169492344e-01 9.322033898305071009e-01
8.983050847457627608e-01 8.135593220338971365e-01
2.372881355932203173e-01 8.644067796610167553e-01
2.542372881355932090e-01 5.254237288135598094e-01
4.576271186440677985e-01 5.762711864406769857e-01
4.745762711864406347e-01 1.186440677966100476e-01
6.949152542372881713e-01 2.881355932203397141e-01
5.423728813559322015e-01 5.084745762711964656e-02
2.711864406779661008e-01 6.779661016949163621e-02
9.661016949152542166e-01 6.610169491525430541e-01
3.220338983050847204e-01 9.830508474576268307e-01
4.237288135593220151e-01 6.949152542372870611e-01
1.355932203389830504e-01 4.915254237288134154e-01
2.881355932203389925e-01 1.016949152542380580e-01
4.237288135593220151e-01 8.813559322033899246e-01
2.711864406779661008e-01 5.932203389830502660e-01
7.796610169491525744e-01 5.423728813559317574e-01
1.525423728813559421e-01 7.627118644067799602e-01
3.389830508474578341e-02 4.915254237288134154e-01
6.610169491525423879e-01 4.406779661016949623e-01
1.525423728813559421e-01 1.525423728813564694e-01
7.627118644067796271e-01 1.186440677966100476e-01
3.220338983050847204e-01 7.457627118644066799e-01
7.118644067796610075e-01 5.254237288135598094e-01
1.694915254237288060e-01 2.881355932203397141e-01
7.118644067796610075e-01 1.694915254237296942e-01
4.237288135593220151e-01 3.389830508474642873e-02
8.474576271186438914e-02 8.474576271186434751e-01
7.457627118644067910e-01 0.000000000000000000e+00
3.559322033898305038e-01 1.355932203389832724e-01
9.830508474576271638e-01 6.610169491525430541e-01
4.406779661016949623e-01 6.779661016949163344e-01
5.254237288135593653e-01 8.474576271186484711e-02
8.305084745762710829e-01 5.423728813559317574e-01
4.406779661016949623e-01 6.440677966101698848e-01
4.915254237288135819e-01 5.254237288135598094e-01
6.779661016949153352e-01 8.983050847457632049e-01
9.152542372881355970e-01 3.559322033898301152e-01
6.949152542372881713e-01 7.118644067796602304e-01
4.576271186440677985e-01 9.661016949152535505e-01
6.779661016949152519e-02 9.152542372881363741e-01
7.457627118644067910e-01 1.000000000000000000e+00
7.118644067796610075e-01 5.762711864406769857e-01
9.830508474576271638e-01 7.118644067796602304e-01
6.610169491525423879e-01 8.474576271186484711e-02
2.372881355932203173e-01 6.101694915254234353e-01
3.559322033898305038e-01 6.949152542372870611e-01
5.932203389830508211e-01 2.542372881355933201e-01
6.101694915254237683e-01 9.491525423728803812e-01
2.033898305084746172e-01 8.474576271186484711e-02
8.474576271186438914e-02 5.423728813559317574e-01
7.457627118644067910e-01 4.745762711864401906e-01
7.457627118644067910e-01 4.237288135593217375e-01
2.372881355932203173e-01 6.949152542372870611e-01
9.491525423728812694e-01 9.661016949152535505e-01
1.016949152542373086e-01 6.101694915254234353e-01
9.322033898305085442e-01 8.983050847457632049e-01
6.949152542372881713e-01 7.457627118644066799e-01
7.288135593220339548e-01 1.355932203389832724e-01
8.305084745762710829e-01 6.271186440677966045e-01
7.627118644067796271e-01 4.576271186440681871e-01
7.966101694915254106e-01 5.932203389830502660e-01
4.745762711864406347e-01 8.135593220338971365e-01
6.101694915254237683e-01 7.966101694915262987e-01
4.745762711864406347e-01 2.881355932203397141e-01
9.830508474576271638e-01 4.915254237288134154e-01
2.881355932203389925e-01 0.000000000000000000e+00
2.033898305084746172e-01 9.661016949152535505e-01
6.779661016949153352e-01 9.491525423728803812e-01
1.694915254237288060e-01 2.542372881355933201e-01
2.711864406779661008e-01 6.440677966101698848e-01
5.084745762711864181e-01 5.593220338983062589e-01
2.203389830508474811e-01 8.983050847457632049e-01
4.237288135593220151e-01 3.728813559322033400e-01
2.372881355932203173e-01 8.474576271186434751e-01
7.457627118644067910e-01 9.152542372881363741e-01
5.762711864406779849e-01 4.237288135593217375e-01
4.406779661016949623e-01 2.711864406779665448e-01
8.135593220338984688e-01 3.559322033898301152e-01
6.101694915254237683e-01 5.084745762711866401e-01
3.728813559322033955e-01 6.610169491525430541e-01
4.237288135593220151e-01 1.016949152542380580e-01
6.610169491525423879e-01 7.966101694915262987e-01
4.576271186440677985e-01 3.050847457627117176e-01
2.372881355932203173e-01 6.610169491525430541e-01
4.237288135593220151e-01 1.355932203389832724e-01
6.949152542372881713e-01 9.491525423728803812e-01
4.576271186440677985e-01 5.932203389830502660e-01
6.271186440677967155e-01 4.915254237288134154e-01
9.152542372881355970e-01 9.830508474576268307e-01
5.084745762711865430e-02 3.050847457627117176e-01
3.898305084745762872e-01 9.830508474576268307e-01
1.016949152542373086e-01 7.288135593220335107e-01
1.525423728813559421e-01 2.881355932203397141e-01
2.372881355932203173e-01 8.813559322033899246e-01
3.050847457627118842e-01 4.576271186440681871e-01
1.000000000000000000e+00 4.406779661016949623e-01
8.474576271186438914e-02 3.559322033898301152e-01
7.796610169491525744e-01 1.186440677966100476e-01
0.000000000000000000e+00 5.084745762711964656e-02
4.576271186440677985e-01 1.355932203389832724e-01
4.745762711864406347e-01 6.779661016949163621e-02
3.728813559322033955e-01 8.135593220338971365e-01
5.762711864406779849e-01 3.728813559322033400e-01
1.864406779661016977e-01 1.016949152542380580e-01
4.915254237288135819e-01 5.084745762711964656e-02
1.000000000000000000e+00 1.864406779661016700e-01
7.457627118644067910e-01 7.288135593220335107e-01
8.813559322033899246e-01 7.966101694915262987e-01
1.000000000000000000e+00 5.254237288135598094e-01
6.101694915254237683e-01 6.949152542372870611e-01
2.542372881355932090e-01 6.779661016949163621e-02
2.372881355932203173e-01 4.915254237288134154e-01
4.915254237288135819e-01 1.016949152542380580e-01
5.593220338983050377e-01 9.152542372881363741e-01
3.220338983050847204e-01 2.372881355932200953e-01
1.355932203389830504e-01 3.389830508474642873e-02
3.728813559322033955e-01 4.576271186440681871e-01
2.203389830508474811e-01 1.016949152542380580e-01
3.220338983050847204e-01 4.576271186440681871e-01
3.898305084745762872e-01 6.779661016949163621e-02
2.542372881355932090e-01 9.152542372881363741e-01
5.593220338983050377e-01 1.864406779661016700e-01
3.389830508474576121e-01 4.745762711864401906e-01
9.661016949152542166e-01 6.271186440677966045e-01
5.762711864406779849e-01 7.627118644067799602e-01
4.067796610169492344e-01 8.813559322033899246e-01
5.762711864406779849e-01 9.830508474576268307e-01
3.898305084745762872e-01 1.000000000000000000e+00
5.084745762711865430e-02 7.288135593220335107e-01
1.016949152542373086e-01 0.000000000000000000e+00
3.050847457627118842e-01 9.661016949152535505e-01
7.966101694915254106e-01 3.220338983050849424e-01
8.305084745762710829e-01 7.288135593220335107e-01
9.322033898305085442e-01 4.406779661016949623e-01
2.711864406779661008e-01 5.762711864406769857e-01
7.457627118644067910e-01 8.644067796610167553e-01
1.000000000000000000e+00 2.881355932203397141e-01
6.779661016949153352e-01 8.474576271186484711e-02
7.288135593220339548e-01 6.949152542372870611e-01
2.881355932203389925e-01 2.372881355932200953e-01
1.355932203389830504e-01 5.762711864406769857e-01
6.440677966101695517e-01 5.423728813559317574e-01
3.050847457627118842e-01 4.067796610169497895e-01
3.898305084745762872e-01 1.186440677966100476e-01
9.830508474576271638e-01 8.983050847457632049e-01
4.406779661016949623e-01 2.203389830508481195e-01
6.779661016949152519e-02 5.254237288135598094e-01
2.881355932203389925e-01 6.440677966101698848e-01
1.864406779661016977e-01 2.033898305084748948e-01
1.694915254237287089e-02 5.423728813559317574e-01
9.322033898305085442e-01 8.474576271186434751e-01
8.474576271186440302e-01 5.423728813559317574e-01
3.389830508474576121e-01 7.288135593220335107e-01
6.101694915254237683e-01 7.118644067796602304e-01
6.949152542372881713e-01 2.542372881355933201e-01
3.898305084745762872e-01 7.118644067796602304e-01
5.762711864406779849e-01 4.745762711864401906e-01
7.966101694915254106e-01 9.830508474576268307e-01
3.559322033898305038e-01 1.694915254237296942e-01
6.101694915254237683e-01 8.983050847457632049e-01
8.644067796610168664e-01 2.881355932203397141e-01
3.050847457627118842e-01 3.389830508474581672e-01
9.322033898305085442e-01 9.152542372881363741e-01
2.033898305084746172e-01 3.050847457627117176e-01
1.864406779661016977e-01 3.728813559322033400e-01
9.322033898305085442e-01 5.932203389830502660e-01
3.050847457627118842e-01 4.406779661016949623e-01
9.661016949152542166e-01 4.237288135593217375e-01
4.067796610169492344e-01 8.983050847457632049e-01
6.779661016949152519e-02 4.915254237288134154e-01
8.474576271186438914e-02 3.728813559322033400e-01
7.966101694915254106e-01 2.881355932203397141e-01
3.389830508474578341e-02 9.830508474576268307e-01
5.932203389830508211e-01 5.762711864406769857e-01
5.254237288135593653e-01 6.779661016949163344e-01
2.203389830508474811e-01 2.881355932203397141e-01
8.474576271186440302e-01 8.305084745762703058e-01
7.627118644067796271e-01 9.661016949152535505e-01
9.661016949152542166e-01 2.203389830508481195e-01
1.694915254237288060e-01 2.711864406779665448e-01
3.559322033898305038e-01 3.389830508474581672e-01
3.389830508474576121e-01 3.389830508474642873e-02
7.796610169491525744e-01 5.593220338983062589e-01
2.372881355932203173e-01 2.881355932203397141e-01
4.237288135593220151e-01 1.694915254237296942e-01
0.000000000000000000e+00 6.610169491525430541e-01
2.881355932203389925e-01 3.389830508474581672e-01
3.728813559322033955e-01 4.745762711864401906e-01
5.423728813559322015e-01 3.898305084745765647e-01
5.084745762711865430e-02 3.898305084745765647e-01
6.779661016949153352e-01 8.135593220338971365e-01
6.949152542372881713e-01 3.389830508474581672e-01
1.016949152542373086e-01 7.966101694915262987e-01
8.305084745762710829e-01 8.813559322033899246e-01
2.881355932203389925e-01 5.932203389830502660e-01
1.016949152542373086e-01 3.728813559322033400e-01
3.389830508474578341e-02 3.220338983050849424e-01
3.220338983050847204e-01 0.000000000000000000e+00
4.915254237288135819e-01 3.559322033898301152e-01
4.915254237288135819e-01 9.661016949152535505e-01
5.593220338983050377e-01 2.372881355932200953e-01
3.559322033898305038e-01 8.983050847457632049e-01
5.254237288135593653e-01 3.728813559322033400e-01
6.779661016949153352e-01 1.864406779661016700e-01
5.084745762711865430e-02 5.084745762711964656e-02
7.966101694915254106e-01 0.000000000000000000e+00
1.525423728813559421e-01 8.305084745762703058e-01
5.932203389830508211e-01 6.779661016949163344e-01
5.423728813559322015e-01 9.830508474576268307e-01
2.203389830508474811e-01 4.237288135593217375e-01
2.542372881355932090e-01 6.779661016949163344e-01
2.711864406779661008e-01 1.525423728813564694e-01
3.389830508474576121e-01 8.474576271186484711e-02
9.152542372881355970e-01 2.372881355932200953e-01
3.898305084745762872e-01 7.457627118644066799e-01
9.661016949152542166e-01 5.254237288135598094e-01
1.016949152542373086e-01 3.050847457627117176e-01
2.711864406779661008e-01 1.864406779661016700e-01
5.423728813559322015e-01 5.084745762711866401e-01
3.220338983050847204e-01 3.389830508474581672e-01
8.813559322033899246e-01 3.220338983050849424e-01
5.084745762711865430e-02 8.983050847457632049e-01
1.694915254237287089e-02 2.372881355932200953e-01
1.525423728813559421e-01 8.474576271186484711e-02
8.644067796610168664e-01 2.033898305084748948e-01
2.033898305084746172e-01 5.932203389830502660e-01
7.796610169491525744e-01 6.779661016949163621e-02
6.779661016949153352e-01 8.474576271186434751e-01
4.067796610169492344e-01 6.610169491525430541e-01
2.711864406779661008e-01 4.406779661016949623e-01
5.423728813559322015e-01 8.983050847457632049e-01
8.983050847457627608e-01 6.101694915254234353e-01
6.779661016949153352e-01 0.000000000000000000e+00
8.644067796610168664e-01 1.525423728813564694e-01
3.389830508474576121e-01 3.559322033898301152e-01
6.610169491525423879e-01 2.033898305084748948e-01
1.016949152542373086e-01 2.711864406779665448e-01
7.118644067796610075e-01 7.627118644067799602e-01
3.389830508474576121e-01 7.457627118644066799e-01
3.389830508474578341e-02 8.474576271186484711e-02
7.457627118644067910e-01 5.084745762711964656e-02
3.220338983050847204e-01 7.118644067796602304e-01
7.627118644067796271e-01 2.542372881355933201e-01
5.593220338983050377e-01 5.084745762711964656e-02
3.898305084745762872e-01 4.745762711864401906e-01
5.084745762711864181e-01 2.711864406779665448e-01
1.864406779661016977e-01 7.288135593220335107e-01
8.474576271186440302e-01 4.237288135593217375e-01
2.542372881355932090e-01 5.084745762711866401e-01
4.576271186440677985e-01 7.288135593220335107e-01
1.525423728813559421e-01 6.949152542372870611e-01
3.050847457627118842e-01 1.694915254237321436e-02
5.932203389830508211e-01 4.406779661016949623e-01
5.762711864406779849e-01 8.474576271186484711e-02
7.796610169491525744e-01 3.220338983050849424e-01
7.627118644067796271e-01 3.559322033898301152e-01
3.728813559322033955e-01 0.000000000000000000e+00
5.593220338983050377e-01 3.389830508474642873e-02
9.322033898305085442e-01 3.389830508474642873e-02
5.593220338983050377e-01 6.779661016949163621e-02
2.881355932203389925e-01 3.389830508474642873e-02
3.898305084745762872e-01 4.237288135593217375e-01
6.271186440677967155e-01 4.067796610169497895e-01
7.457627118644067910e-01 7.627118644067799602e-01
1.525423728813559421e-01 2.711864406779665448e-01
8.813559322033899246e-01 9.661016949152535505e-01
3.389830508474576121e-01 3.728813559322033400e-01
7.118644067796610075e-01 4.237288135593217375e-01
5.254237288135593653e-01 5.423728813559317574e-01
4.745762711864406347e-01 1.694915254237321436e-02
5.593220338983050377e-01 6.101694915254234353e-01
3.220338983050847204e-01 3.220338983050849424e-01
3.220338983050847204e-01 1.000000000000000000e+00
2.372881355932203173e-01 8.983050847457632049e-01
1.355932203389830504e-01 1.694915254237296942e-01
1.864406779661016977e-01 8.474576271186434751e-01
7.627118644067796271e-01 7.118644067796602304e-01
3.220338983050847204e-01 5.084745762711866401e-01
8.983050847457627608e-01 2.881355932203397141e-01
6.271186440677967155e-01 3.050847457627117176e-01
3.050847457627118842e-01 6.101694915254234353e-01
7.627118644067796271e-01 3.050847457627117176e-01
3.728813559322033955e-01 8.813559322033899246e-01
8.474576271186440302e-01 3.050847457627117176e-01
0.000000000000000000e+00 9.830508474576268307e-01
1.694915254237287089e-02 3.220338983050849424e-01
6.779661016949152519e-02 8.474576271186434751e-01
3.389830508474578341e-02 2.711864406779665448e-01
5.084745762711864181e-01 7.796610169491531295e-01
8.305084745762710829e-01 1.694915254237321436e-02
4.915254237288135819e-01 4.915254237288134154e-01
6.271186440677967155e-01 9.322033898305071009e-01
2.033898305084746172e-01 3.220338983050849424e-01
0.000000000000000000e+00 1.525423728813564694e-01
7.118644067796610075e-01 2.711864406779665448e-01
5.254237288135593653e-01 3.389830508474642873e-02
6.440677966101695517e-01 3.050847457627117176e-01
7.966101694915254106e-01 1.186440677966100476e-01
4.406779661016949623e-01 9.830508474576268307e-01
7.966101694915254106e-01 5.762711864406769857e-01
5.084745762711864181e-01 8.305084745762703058e-01
5.932203389830508211e-01 0.000000000000000000e+00
5.423728813559322015e-01 2.711864406779665448e-01
4.406779661016949623e-01 5.254237288135598094e-01
2.372881355932203173e-01 7.796610169491531295e-01
8.644067796610168664e-01 3.898305084745765647e-01
0.000000000000000000e+00 5.762711864406769857e-01
9.152542372881355970e-01 5.593220338983062589e-01
6.271186440677967155e-01 8.474576271186484711e-02
1.016949152542373086e-01 8.474576271186484711e-02
9.152542372881355970e-01 7.118644067796602304e-01
7.627118644067796271e-01 6.610169491525430541e-01
9.830508474576271638e-01 8.813559322033899246e-01
1.525423728813559421e-01 5.423728813559317574e-01
4.745762711864406347e-01 5.084745762711964656e-02
9.830508474576271638e-01 6.101694915254234353e-01
7.288135593220339548e-01 9.152542372881363741e-01
8.644067796610168664e-01 3.389830508474642873e-02
5.254237288135593653e-01 6.779661016949163621e-02
7.118644067796610075e-01 5.423728813559317574e-01
2.542372881355932090e-01 8.135593220338971365e-01
8.474576271186438914e-02 6.440677966101698848e-01
6.779661016949152519e-02 6.779661016949163344e-01
5.593220338983050377e-01 7.966101694915262987e-01
3.559322033898305038e-01 2.881355932203397141e-01
9.491525423728812694e-01 6.440677966101698848e-01
7.457627118644067910e-01 1.525423728813564694e-01
1.186440677966101587e-01 1.525423728813564694e-01
3.389830508474576121e-01 1.016949152542380580e-01
5.593220338983050377e-01 2.711864406779665448e-01
6.779661016949153352e-01 2.881355932203397141e-01
6.779661016949152519e-02 7.627118644067799602e-01
4.576271186440677985e-01 2.033898305084748948e-01
5.084745762711864181e-01 3.728813559322033400e-01
4.576271186440677985e-01 4.745762711864401906e-01
6.779661016949153352e-01 1.355932203389832724e-01
1.016949152542373086e-01 2.372881355932200953e-01
2.033898305084746172e-01 0.000000000000000000e+00
3.728813559322033955e-01 6.779661016949163621e-02
1.355932203389830504e-01 6.271186440677966045e-01
3.050847457627118842e-01 1.016949152542380580e-01
7.457627118644067910e-01 4.915254237288134154e-01
8.474576271186438914e-02 8.644067796610167553e-01
1.355932203389830504e-01 7.457627118644066799e-01
3.559322033898305038e-01 3.559322033898301152e-01
6.271186440677967155e-01 7.288135593220335107e-01
4.067796610169492344e-01 8.305084745762703058e-01
5.423728813559322015e-01 8.135593220338971365e-01
6.101694915254237683e-01 2.372881355932200953e-01
0.000000000000000000e+00 2.033898305084748948e-01
3.220338983050847204e-01 5.762711864406769857e-01
8.474576271186438914e-02 5.084745762711964656e-02
8.813559322033899246e-01 6.610169491525430541e-01
2.881355932203389925e-01 9.322033898305071009e-01
4.406779661016949623e-01 6.271186440677966045e-01
6.440677966101695517e-01 6.779661016949163344e-01
1.694915254237288060e-01 5.762711864406769857e-01
4.576271186440677985e-01 8.305084745762703058e-01
3.220338983050847204e-01 1.016949152542380580e-01
3.728813559322033955e-01 4.237288135593217375e-01
6.610169491525423879e-01 5.932203389830502660e-01
4.237288135593220151e-01 1.694915254237321436e-02
3.220338983050847204e-01 9.661016949152535505e-01
5.084745762711864181e-01 4.237288135593217375e-01
1.000000000000000000e+00 0.000000000000000000e+00
7.627118644067796271e-01 4.745762711864401906e-01
9.152542372881355970e-01 1.864406779661016700e-01
7.118644067796610075e-01 6.440677966101698848e-01
7.966101694915254106e-01 5.423728813559317574e-01
8.813559322033899246e-01 3.050847457627117176e-01
5.423728813559322015e-01 4.237288135593217375e-01
2.203389830508474811e-01 3.050847457627117176e-01
4.576271186440677985e-01 8.813559322033899246e-01
4.237288135593220151e-01 5.762711864406769857e-01
5.423728813559322015e-01 9.491525423728803812e-01
6.440677966101695517e-01 2.542372881355933201e-01
2.542372881355932090e-01 1.525423728813564694e-01
6.101694915254237683e-01 1.864406779661016700e-01
1.000000000000000000e+00 3.559322033898301152e-01
4.406779661016949623e-01 8.644067796610167553e-01
9.491525423728812694e-01 3.220338983050849424e-01
4.406779661016949623e-01 6.949152542372870611e-01
1.355932203389830504e-01 5.423728813559317574e-01
1.016949152542373086e-01 1.186440677966100476e-01
9.322033898305085442e-01 3.898305084745765647e-01
2.711864406779661008e-01 8.474576271186484711e-02
1.186440677966101587e-01 8.983050847457632049e-01
1.525423728813559421e-01 5.593220338983062589e-01
4.915254237288135819e-01 3.728813559322033400e-01
9.152542372881355970e-01 4.067796610169497895e-01
6.271186440677967155e-01 8.474576271186434751e-01
2.203389830508474811e-01 7.288135593220335107e-01
3.728813559322033955e-01 1.694915254237321436e-02
8.135593220338984688e-01 2.881355932203397141e-01
1.355932203389830504e-01 9.152542372881363741e-01
2.881355932203389925e-01 7.796610169491531295e-01
1.355932203389830504e-01 8.135593220338971365e-01
9.322033898305085442e-01 6.949152542372870611e-01
2.203389830508474811e-01 5.762711864406769857e-01
6.271186440677967155e-01 0.000000000000000000e+00
6.271186440677967155e-01 9.830508474576268307e-01
8.644067796610168664e-01 6.101694915254234353e-01
9.830508474576271638e-01 6.440677966101698848e-01
8.813559322033899246e-01 7.457627118644066799e-01
8.474576271186440302e-01 4.067796610169497895e-01
3.220338983050847204e-01 6.610169491525430541e-01
6.610169491525423879e-01 4.576271186440681871e-01
1.016949152542373086e-01 8.983050847457632049e-01
8.474576271186438914e-02 8.305084745762703058e-01
5.254237288135593653e-01 4.406779661016949623e-01
0.000000000000000000e+00 9.491525423728803812e-01
5.254237288135593653e-01 7.796610169491531295e-01
7.118644067796610075e-01 2.033898305084748948e-01
3.728813559322033955e-01 9.152542372881363741e-01
4.576271186440677985e-01 2.203389830508481195e-01
6.949152542372881713e-01 6.610169491525430541e-01
3.389830508474578341e-02 2.033898305084748948e-01
3.728813559322033955e-01 1.694915254237296942e-01
2.203389830508474811e-01 8.644067796610167553e-01
6.610169491525423879e-01 1.694915254237296942e-01
8.305084745762710829e-01 9.491525423728803812e-01
5.084745762711864181e-01 1.016949152542380580e-01
6.440677966101695517e-01 2.881355932203397141e-01
8.983050847457627608e-01 6.271186440677966045e-01
8.305084745762710829e-01 5.084745762711866401e-01
1.000000000000000000e+00 8.305084745762703058e-01
4.745762711864406347e-01 1.864406779661016700e-01
7.627118644067796271e-01 2.881355932203397141e-01
3.898305084745762872e-01 9.661016949152535505e-01
9.152542372881355970e-01 6.440677966101698848e-01
4.745762711864406347e-01 0.000000000000000000e+00
2.542372881355932090e-01 7.627118644067799602e-01
6.440677966101695517e-01 5.593220338983062589e-01
2.372881355932203173e-01 2.542372881355933201e-01
6.440677966101695517e-01 3.728813559322033400e-01
2.203389830508474811e-01 8.305084745762703058e-01
3.728813559322033955e-01 2.203389830508481195e-01
3.389830508474576121e-01 3.050847457627117176e-01
3.050847457627118842e-01 8.983050847457632049e-01
8.983050847457627608e-01 7.118644067796602304e-01
1.525423728813559421e-01 4.745762711864401906e-01
7.966101694915254106e-01 1.000000000000000000e+00
2.711864406779661008e-01 4.067796610169497895e-01
1.016949152542373086e-01 1.355932203389832724e-01
5.593220338983050377e-01 4.406779661016949623e-01
2.711864406779661008e-01 9.491525423728803812e-01
2.881355932203389925e-01 8.135593220338971365e-01
6.949152542372881713e-01 6.949152542372870611e-01
1.694915254237287089e-02 7.796610169491531295e-01
1.016949152542373086e-01 5.254237288135598094e-01
2.203389830508474811e-01 1.355932203389832724e-01
6.440677966101695517e-01 1.355932203389832724e-01
5.423728813559322015e-01 6.101694915254234353e-01
1.694915254237288060e-01 4.067796610169497895e-01
4.067796610169492344e-01 1.000000000000000000e+00
1.864406779661016977e-01 4.915254237288134154e-01
8.644067796610168664e-01 7.966101694915262987e-01
1.694915254237287089e-02 8.983050847457632049e-01
4.237288135593220151e-01 6.610169491525430541e-01
5.254237288135593653e-01 2.203389830508481195e-01
8.644067796610168664e-01 3.220338983050849424e-01
8.813559322033899246e-01 4.915254237288134154e-01
0.000000000000000000e+00 6.779661016949163344e-01
6.271186440677967155e-01 7.627118644067799602e-01
5.084745762711865430e-02 5.593220338983062589e-01
3.559322033898305038e-01 7.288135593220335107e-01
7.118644067796610075e-01 9.152542372881363741e-01
7.796610169491525744e-01 5.932203389830502660e-01
2.033898305084746172e-01 2.881355932203397141e-01
7.966101694915254106e-01 3.389830508474581672e-01
9.152542372881355970e-01 6.779661016949163621e-02
7.796610169491525744e-01 1.864406779661016700e-01
1.355932203389830504e-01 1.525423728813564694e-01
3.559322033898305038e-01 4.915254237288134154e-01
4.237288135593220151e-01 7.966101694915262987e-01
7.118644067796610075e-01 9.491525423728803812e-01
5.084745762711864181e-01 7.457627118644066799e-01
1.355932203389830504e-01 2.711864406779665448e-01
7.627118644067796271e-01 2.203389830508481195e-01
8.474576271186438914e-02 3.389830508474581672e-01
9.491525423728812694e-01 6.610169491525430541e-01
5.932203389830508211e-01 2.372881355932200953e-01
7.288135593220339548e-01 4.915254237288134154e-01
6.779661016949153352e-01 9.322033898305071009e-01
6.440677966101695517e-01 4.406779661016949623e-01
1.694915254237288060e-01 1.016949152542380580e-01
3.559322033898305038e-01 2.372881355932200953e-01
3.898305084745762872e-01 5.423728813559317574e-01
5.593220338983050377e-01 3.559322033898301152e-01
1.355932203389830504e-01 3.220338983050849424e-01
1.864406779661016977e-01 8.474576271186484711e-02
3.389830508474578341e-02 6.610169491525430541e-01
5.084745762711865430e-02 3.389830508474642873e-02
7.457627118644067910e-01 4.067796610169497895e-01
5.762711864406779849e-01 8.135593220338971365e-01
1.186440677966101587e-01 5.084745762711866401e-01
7.627118644067796271e-01 6.949152542372870611e-01
4.067796610169492344e-01 6.949152542372870611e-01
1.016949152542373086e-01 7.796610169491531295e-01
9.661016949152542166e-01 5.762711864406769857e-01
1.016949152542373086e-01 8.813559322033899246e-01
3.389830508474578341e-02 4.067796610169497895e-01
1.694915254237287089e-02 9.152542372881363741e-01
4.237288135593220151e-01 1.525423728813564694e-01
2.203389830508474811e-01 5.084745762711866401e-01
5.932203389830508211e-01 5.084745762711866401e-01
6.779661016949153352e-01 2.542372881355933201e-01
3.559322033898305038e-01 4.067796610169497895e-01
2.203389830508474811e-01 1.525423728813564694e-01
1.694915254237288060e-01 2.203389830508481195e-01
0.000000000000000000e+00 6.440677966101698848e-01
5.593220338983050377e-01 5.254237288135598094e-01
1.864406779661016977e-01 4.745762711864401906e-01
7.118644067796610075e-01 8.474576271186484711e-02
5.254237288135593653e-01 6.440677966101698848e-01
6.779661016949152519e-02 5.084745762711866401e-01
4.237288135593220151e-01 3.559322033898301152e-01
4.576271186440677985e-01 8.135593220338971365e-01
1.000000000000000000e+00 6.440677966101698848e-01
6.949152542372881713e-01 4.067796610169497895e-01
4.406779661016949623e-01 2.033898305084748948e-01
9.152542372881355970e-01 2.711864406779665448e-01
9.830508474576271638e-01 7.457627118644066799e-01
4.067796610169492344e-01 7.796610169491531295e-01
9.152542372881355970e-01 1.186440677966100476e-01
5.084745762711864181e-01 1.525423728813564694e-01
7.118644067796610075e-01 7.118644067796602304e-01
8.983050847457627608e-01 8.813559322033899246e-01
9.152542372881355970e-01 0.000000000000000000e+00
4.576271186440677985e-01 2.711864406779665448e-01
5.423728813559322015e-01 6.271186440677966045e-01
6.271186440677967155e-01 1.016949152542380580e-01
2.372881355932203173e-01 4.067796610169497895e-01
2.881355932203389925e-01 2.033898305084748948e-01
3.220338983050847204e-01 6.779661016949163344e-01
7.796610169491525744e-01 5.762711864406769857e-01
6.271186440677967155e-01 2.881355932203397141e-01
8.813559322033899246e-01 1.000000000000000000e+00
7.118644067796610075e-01 0.000000000000000000e+00
5.084745762711864181e-01 3.220338983050849424e-01
0.000000000000000000e+00 3.220338983050849424e-01
6.610169491525423879e-01 6.440677966101698848e-01
6.440677966101695517e-01 7.796610169491531295e-01
2.033898305084746172e-01 5.423728813559317574e-01
6.101694915254237683e-01 6.440677966101698848e-01
8.474576271186440302e-01 9.491525423728803812e-01
1.864406779661016977e-01 9.152542372881363741e-01
3.050847457627118842e-01 2.372881355932200953e-01
3.220338983050847204e-01 6.271186440677966045e-01
2.372881355932203173e-01 9.830508474576268307e-01
1.186440677966101587e-01 3.728813559322033400e-01
9.322033898305085442e-01 7.627118644067799602e-01
3.898305084745762872e-01 4.067796610169497895e-01
2.542372881355932090e-01 3.389830508474581672e-01
0.000000000000000000e+00 5.932203389830502660e-01
7.118644067796610075e-01 8.813559322033899246e-01
9.322033898305085442e-01 3.728813559322033400e-01
1.694915254237287089e-02 3.559322033898301152e-01
1.186440677966101587e-01 1.694915254237321436e-02
4.915254237288135819e-01 4.237288135593217375e-01
9.152542372881355970e-01 1.016949152542380580e-01
6.779661016949153352e-01 7.457627118644066799e-01
7.288135593220339548e-01 7.457627118644066799e-01
8.305084745762710829e-01 5.254237288135598094e-01
8.813559322033899246e-01 5.254237288135598094e-01
1.355932203389830504e-01 3.389830508474581672e-01
7.457627118644067910e-01 1.694915254237296942e-01
6.610169491525423879e-01 8.305084745762703058e-01
8.474576271186440302e-01 8.813559322033899246e-01
4.237288135593220151e-01 8.983050847457632049e-01
7.627118644067796271e-01 3.898305084745765647e-01
7.796610169491525744e-01 1.355932203389832724e-01
8.135593220338984688e-01 6.440677966101698848e-01
0.000000000000000000e+00 4.745762711864401906e-01
4.406779661016949623e-01 5.593220338983062589e-01
6.271186440677967155e-01 8.983050847457632049e-01
9.152542372881355970e-01 8.474576271186484711e-02
1.694915254237287089e-02 8.813559322033899246e-01
2.881355932203389925e-01 3.728813559322033400e-01
4.237288135593220151e-01 5.593220338983062589e-01
8.305084745762710829e-01 1.016949152542380580e-01
1.186440677966101587e-01 4.576271186440681871e-01
3.389830508474578341e-02 7.627118644067799602e-01
2.542372881355932090e-01 7.796610169491531295e-01
2.033898305084746172e-01 7.627118644067799602e-01
7.457627118644067910e-01 3.220338983050849424e-01
3.898305084745762872e-01 4.576271186440681871e-01
1.864406779661016977e-01 3.898305084745765647e-01
3.898305084745762872e-01 5.932203389830502660e-01
7.627118644067796271e-01 3.389830508474581672e-01
6.101694915254237683e-01 8.135593220338971365e-01
4.745762711864406347e-01 8.983050847457632049e-01
5.084745762711865430e-02 4.915254237288134154e-01
5.762711864406779849e-01 2.711864406779665448e-01
7.966101694915254106e-01 9.152542372881363741e-01
7.627118644067796271e-01 5.423728813559317574e-01
3.898305084745762872e-01 7.627118644067799602e-01
6.779661016949153352e-01 5.254237288135598094e-01
9.491525423728812694e-01 5.084745762711964656e-02
1.525423728813559421e-01 7.796610169491531295e-01
3.559322033898305038e-01 2.033898305084748948e-01
6.101694915254237683e-01 6.271186440677966045e-01
6.779661016949153352e-01 4.406779661016949623e-01
1.694915254237288060e-01 4.745762711864401906e-01
2.542372881355932090e-01 3.728813559322033400e-01
6.440677966101695517e-01 6.271186440677966045e-01
2.372881355932203173e-01 1.694915254237321436e-02
9.322033898305085442e-01 5.084745762711964656e-02
7.627118644067796271e-01 4.067796610169497895e-01
6.779661016949153352e-01 4.237288135593217375e-01
6.779661016949153352e-01 3.220338983050849424e-01
6.101694915254237683e-01 5.423728813559317574e-01
9.491525423728812694e-01 8.474576271186484711e-02
9.661016949152542166e-01 9.661016949152535505e-01
8.983050847457627608e-01 3.050847457627117176e-01
9.661016949152542166e-01 1.186440677966100476e-01
3.389830508474578341e-02 9.491525423728803812e-01
3.389830508474578341e-02 4.576271186440681871e-01
2.372881355932203173e-01 8.474576271186484711e-02
8.305084745762710829e-01 9.661016949152535505e-01
7.796610169491525744e-01 7.457627118644066799e-01
2.542372881355932090e-01 2.711864406779665448e-01
9.661016949152542166e-01 8.305084745762703058e-01
8.983050847457627608e-01 1.864406779661016700e-01
2.542372881355932090e-01 8.983050847457632049e-01
8.983050847457627608e-01 9.830508474576268307e-01
2.542372881355932090e-01 1.864406779661016700e-01
1.525423728813559421e-01 9.322033898305071009e-01
4.067796610169492344e-01 5.254237288135598094e-01
5.084745762711864181e-01 8.644067796610167553e-01
3.389830508474576121e-01 2.881355932203397141e-01
3.389830508474576121e-01 7.627118644067799602e-01
7.627118644067796271e-01 6.271186440677966045e-01
9.830508474576271638e-01 1.000000000000000000e+00
1.864406779661016977e-01 2.711864406779665448e-01
7.796610169491525744e-01 1.694915254237321436e-02
2.542372881355932090e-01 2.542372881355933201e-01
7.966101694915254106e-01 4.915254237288134154e-01
7.118644067796610075e-01 9.661016949152535505e-01
3.389830508474576121e-01 5.084745762711866401e-01
2.033898305084746172e-01 1.694915254237321436e-02
3.050847457627118842e-01 4.915254237288134154e-01
1.525423728813559421e-01 3.050847457627117176e-01
2.033898305084746172e-01 9.491525423728803812e-01
2.372881355932203173e-01 2.033898305084748948e-01
8.305084745762710829e-01 7.118644067796602304e-01
9.152542372881355970e-01 8.983050847457632049e-01
5.084745762711864181e-01 1.000000000000000000e+00
5.084745762711864181e-01 1.694915254237321436e-02
5.932203389830508211e-01 8.983050847457632049e-01
8.644067796610168664e-01 6.949152542372870611e-01
1.000000000000000000e+00 6.779661016949163344e-01
6.610169491525423879e-01 3.728813559322033400e-01
8.983050847457627608e-01 4.406779661016949623e-01
3.389830508474576121e-01 7.118644067796602304e-01
9.152542372881355970e-01 5.084745762711964656e-02
9.661016949152542166e-01 5.084745762711866401e-01
1.016949152542373086e-01 1.864406779661016700e-01
3.389830508474576121e-01 2.033898305084748948e-01
2.203389830508474811e-01 1.694915254237321436e-02
7.796610169491525744e-01 8.135593220338971365e-01
1.525423728813559421e-01 4.237288135593217375e-01
1.694915254237287089e-02 2.033898305084748948e-01
3.728813559322033955e-01 7.796610169491531295e-01
9.152542372881355970e-01 4.406779661016949623e-01
3.220338983050847204e-01 1.186440677966100476e-01
1.694915254237288060e-01 6.440677966101698848e-01
3.898305084745762872e-01 4.915254237288134154e-01
3.220338983050847204e-01 4.067796610169497895e-01
6.949152542372881713e-01 3.389830508474642873e-02
6.101694915254237683e-01 8.644067796610167553e-01
9.830508474576271638e-01 6.949152542372870611e-01
4.915254237288135819e-01 1.694915254237296942e-01
1.000000000000000000e+00 1.355932203389832724e-01
5.084745762711864181e-01 2.542372881355933201e-01
9.322033898305085442e-01 1.525423728813564694e-01
3.559322033898305038e-01 8.135593220338971365e-01
7.966101694915254106e-01 7.457627118644066799e-01
6.779661016949152519e-02 8.305084745762703058e-01
5.084745762711865430e-02 8.813559322033899246e-01
5.423728813559322015e-01 2.881355932203397141e-01
9.830508474576271638e-01 8.644067796610167553e-01
2.372881355932203173e-01 6.271186440677966045e-01
1.525423728813559421e-01 8.644067796610167553e-01
6.949152542372881713e-01 8.135593220338971365e-01
4.067796610169492344e-01 9.661016949152535505e-01
1.694915254237287089e-02 2.881355932203397141e-01
5.593220338983050377e-01 9.322033898305071009e-01
7.966101694915254106e-01 6.610169491525430541e-01
9.491525423728812694e-01 8.305084745762703058e-01
3.220338983050847204e-01 7.966101694915262987e-01
1.355932203389830504e-01 2.881355932203397141e-01
6.779661016949153352e-01 5.593220338983062589e-01
7.457627118644067910e-01 1.864406779661016700e-01
3.389830508474576121e-01 6.440677966101698848e-01
0.000000000000000000e+00 1.186440677966100476e-01
5.084745762711864181e-01 3.050847457627117176e-01
4.745762711864406347e-01 3.728813559322033400e-01
2.372881355932203173e-01 9.322033898305071009e-01
3.050847457627118842e-01 2.203389830508481195e-01
9.322033898305085442e-01 1.864406779661016700e-01
3.898305084745762872e-01 8.983050847457632049e-01
1.694915254237288060e-01 1.355932203389832724e-01
6.779661016949152519e-02 6.610169491525430541e-01
6.779661016949153352e-01 4.067796610169497895e-01
0.000000000000000000e+00 6.271186440677966045e-01
8.813559322033899246e-01 9.491525423728803812e-01
7.457627118644067910e-01 3.050847457627117176e-01
5.084745762711865430e-02 7.118644067796602304e-01
6.949152542372881713e-01 5.762711864406769857e-01
7.118644067796610075e-01 6.101694915254234353e-01
3.898305084745762872e-01 1.525423728813564694e-01
7.288135593220339548e-01 5.423728813559317574e-01
6.779661016949152519e-02 7.796610169491531295e-01
6.779661016949153352e-01 7.627118644067799602e-01
5.593220338983050377e-01 2.033898305084748948e-01
3.389830508474576121e-01 9.830508474576268307e-01
4.576271186440677985e-01 7.796610169491531295e-01
3.559322033898305038e-01 3.220338983050849424e-01
1.186440677966101587e-01 6.101694915254234353e-01
1.186440677966101587e-01 3.559322033898301152e-01
5.084745762711865430e-02 7.966101694915262987e-01
9.661016949152542166e-01 2.372881355932200953e-01
1.186440677966101587e-01 3.389830508474581672e-01
6.610169491525423879e-01 1.186440677966100476e-01
6.610169491525423879e-01 3.898305084745765647e-01
7.118644067796610075e-01 6.779661016949163344e-01
7.796610169491525744e-01 4.745762711864401906e-01
0.000000000000000000e+00 8.983050847457632049e-01
0.000000000000000000e+00 8.813559322033899246e-01
8.474576271186440302e-01 7.966101694915262987e-01
9.152542372881355970e-01 8.813559322033899246e-01
6.440677966101695517e-01 6.440677966101698848e-01
5.932203389830508211e-01 3.389830508474581672e-01
3.559322033898305038e-01 3.898305084745765647e-01
8.135593220338984688e-01 4.067796610169497895e-01
8.644067796610168664e-01 8.305084745762703058e-01
5.084745762711864181e-01 6.610169491525430541e-01
1.694915254237288060e-01 1.694915254237296942e-01
3.898305084745762872e-01 5.084745762711866401e-01
7.627118644067796271e-01 9.322033898305071009e-01
1.864406779661016977e-01 9.491525423728803812e-01
8.305084745762710829e-01 2.881355932203397141e-01
8.305084745762710829e-01 3.898305084745765647e-01
7.627118644067796271e-01 9.830508474576268307e-01
8.983050847457627608e-01 4.915254237288134154e-01
6.101694915254237683e-01 3.220338983050849424e-01
9.661016949152542166e-01 8.644067796610167553e-01
1.016949152542373086e-01 1.694915254237296942e-01
3.898305084745762872e-01 6.610169491525430541e-01
9.661016949152542166e-01 7.796610169491531295e-01
0.000000000000000000e+00 1.000000000000000000e+00
6.610169491525423879e-01 8.983050847457632049e-01
6.610169491525423879e-01 4.745762711864401906e-01
3.050847457627118842e-01 1.186440677966100476e-01
1.864406779661016977e-01 8.305084745762703058e-01
4.406779661016949623e-01 5.932203389830502660e-01
7.118644067796610075e-01 8.644067796610167553e-01
6.610169491525423879e-01 5.084745762711964656e-02
5.932203389830508211e-01 6.949152542372870611e-01
6.949152542372881713e-01 1.525423728813564694e-01
3.559322033898305038e-01 6.779661016949163344e-01
7.457627118644067910e-01 2.711864406779665448e-01
7.118644067796610075e-01 7.457627118644066799e-01
8.474576271186440302e-01 4.915254237288134154e-01
7.966101694915254106e-01 9.491525423728803812e-01
3.220338983050847204e-01 5.593220338983062589e-01
4.067796610169492344e-01 4.067796610169497895e-01
8.474576271186438914e-02 1.694915254237296942e-01
3.050847457627118842e-01 5.593220338983062589e-01
1.864406779661016977e-01 7.627118644067799602e-01
2.542372881355932090e-01 8.644067796610167553e-01
6.779661016949152519e-02 1.016949152542380580e-01
3.559322033898305038e-01 4.745762711864401906e-01
7.796610169491525744e-01 3.389830508474581672e-01
2.372881355932203173e-01 5.593220338983062589e-01
3.050847457627118842e-01 2.881355932203397141e-01
2.542372881355932090e-01 2.881355932203397141e-01
8.474576271186440302e-01 1.864406779661016700e-01
2.542372881355932090e-01 1.694915254237321436e-02
6.949152542372881713e-01 8.983050847457632049e-01
1.694915254237288060e-01 3.050847457627117176e-01
2.203389830508474811e-01 1.000000000000000000e+00
8.474576271186438914e-02 4.406779661016949623e-01
8.813559322033899246e-01 2.881355932203397141e-01
3.220338983050847204e-01 8.474576271186484711e-02
4.067796610169492344e-01 7.288135593220335107e-01
2.033898305084746172e-01 1.355932203389832724e-01
5.932203389830508211e-01 3.559322033898301152e-01
5.423728813559322015e-01 5.593220338983062589e-01
5.254237288135593653e-01 7.288135593220335107e-01
6.949152542372881713e-01 7.966101694915262987e-01
9.661016949152542166e-01 4.915254237288134154e-01
2.542372881355932090e-01 5.423728813559317574e-01
8.813559322033899246e-01 7.796610169491531295e-01
4.576271186440677985e-01 3.728813559322033400e-01
1.694915254237288060e-01 8.474576271186434751e-01
8.983050847457627608e-01 2.203389830508481195e-01
7.966101694915254106e-01 6.779661016949163344e-01
7.966101694915254106e-01 6.101694915254234353e-01
4.067796610169492344e-01 9.152542372881363741e-01
8.474576271186438914e-02 9.491525423728803812e-01
1.525423728813559421e-01 3.220338983050849424e-01
8.474576271186438914e-02 3.220338983050849424e-01
2.881355932203389925e-01 7.288135593220335107e-01
1.355932203389830504e-01 6.101694915254234353e-01
5.084745762711864181e-01 3.389830508474642873e-02
3.559322033898305038e-01 8.474576271186434751e-01
0.000000000000000000e+00 8.474576271186434751e-01
6.271186440677967155e-01 5.084745762711964656e-02
8.983050847457627608e-01 7.457627118644066799e-01
5.084745762711864181e-01 9.322033898305071009e-01
1.525423728813559421e-01 8.474576271186434751e-01
2.881355932203389925e-01 8.305084745762703058e-01
8.474576271186440302e-01 5.932203389830502660e-01
5.084745762711864181e-01 2.203389830508481195e-01
6.440677966101695517e-01 6.101694915254234353e-01
5.084745762711865430e-02 2.033898305084748948e-01
5.084745762711865430e-02 6.779661016949163344e-01
4.067796610169492344e-01 4.237288135593217375e-01
3.220338983050847204e-01 1.694915254237321436e-02
3.050847457627118842e-01 1.355932203389832724e-01
9.491525423728812694e-01 1.355932203389832724e-01
6.949152542372881713e-01 5.254237288135598094e-01
3.728813559322033955e-01 3.728813559322033400e-01
8.644067796610168664e-01 4.406779661016949623e-01
5.254237288135593653e-01 7.457627118644066799e-01
9.152542372881355970e-01 3.050847457627117176e-01
7.627118644067796271e-01 7.457627118644066799e-01
8.305084745762710829e-01 1.694915254237296942e-01
1.864406779661016977e-01 6.610169491525430541e-01
4.406779661016949623e-01 5.084745762711964656e-02
3.389830508474578341e-02 8.813559322033899246e-01
7.966101694915254106e-01 2.203389830508481195e-01
6.779661016949153352e-01 1.525423728813564694e-01
3.389830508474576121e-01 9.661016949152535505e-01
6.779661016949153352e-01 3.050847457627117176e-01
3.389830508474578341e-02 5.423728813559317574e-01
5.423728813559322015e-01 1.694915254237296942e-01
2.542372881355932090e-01 1.355932203389832724e-01
6.271186440677967155e-01 3.559322033898301152e-01
9.491525423728812694e-01 5.254237288135598094e-01
7.966101694915254106e-01 1.694915254237321436e-02
3.389830508474578341e-02 4.745762711864401906e-01
6.271186440677967155e-01 3.389830508474581672e-01
1.694915254237288060e-01 3.898305084745765647e-01
5.762711864406779849e-01 1.694915254237296942e-01
9.491525423728812694e-01 9.491525423728803812e-01
5.593220338983050377e-01 6.440677966101698848e-01
9.152542372881355970e-01 3.389830508474581672e-01
5.254237288135593653e-01 4.745762711864401906e-01
4.237288135593220151e-01 1.864406779661016700e-01
6.949152542372881713e-01 1.694915254237321436e-02
3.389830508474576121e-01 2.711864406779665448e-01
5.593220338983050377e-01 8.813559322033899246e-01
9.661016949152542166e-01 8.983050847457632049e-01
6.779661016949152519e-02 2.881355932203397141e-01
5.084745762711864181e-01 4.745762711864401906e-01
9.491525423728812694e-01 3.389830508474642873e-02
9.830508474576271638e-01 8.474576271186484711e-02
2.033898305084746172e-01 5.084745762711964656e-02
6.779661016949153352e-01 3.728813559322033400e-01
7.796610169491525744e-01 7.118644067796602304e-01
1.694915254237288060e-01 2.033898305084748948e-01
6.779661016949152519e-02 1.694915254237296942e-01
2.203389830508474811e-01 9.491525423728803812e-01
8.983050847457627608e-01 9.661016949152535505e-01
9.661016949152542166e-01 5.423728813559317574e-01
4.237288135593220151e-01 6.440677966101698848e-01
1.525423728813559421e-01 7.966101694915262987e-01
3.898305084745762872e-01 2.711864406779665448e-01
6.779661016949152519e-02 1.355932203389832724e-01
9.830508474576271638e-01 3.728813559322033400e-01
3.389830508474578341e-02 6.779661016949163621e-02
8.474576271186440302e-01 5.254237288135598094e-01
8.644067796610168664e-01 2.372881355932200953e-01
6.949152542372881713e-01 5.932203389830502660e-01
5.084745762711865430e-02 3.389830508474581672e-01
9.830508474576271638e-01 6.779661016949163621e-02
3.898305084745762872e-01 2.542372881355933201e-01
6.949152542372881713e-01 1.355932203389832724e-01
6.779661016949153352e-01 2.372881355932200953e-01
9.152542372881355970e-01 7.288135593220335107e-01
7.288135593220339548e-01 5.593220338983062589e-01
2.203389830508474811e-01 6.101694915254234353e-01
1.864406779661016977e-01 8.644067796610167553e-01
0.000000000000000000e+00 5.593220338983062589e-01
5.254237288135593653e-01 4.576271186440681871e-01
1.000000000000000000e+00 3.898305084745765647e-01
1.864406779661016977e-01 4.406779661016949623e-01
6.271186440677967155e-01 9.661016949152535505e-01
4.915254237288135819e-01 4.576271186440681871e-01
4.576271186440677985e-01 1.694915254237296942e-01
1.694915254237288060e-01 7.118644067796602304e-01
1.525423728813559421e-01 8.983050847457632049e-01
8.474576271186438914e-02 1.864406779661016700e-01
9.661016949152542166e-01 6.949152542372870611e-01
6.949152542372881713e-01 3.898305084745765647e-01
7.118644067796610075e-01 1.694915254237321436e-02
2.203389830508474811e-01 6.440677966101698848e-01
1.000000000000000000e+00 4.915254237288134154e-01
1.694915254237288060e-01 5.423728813559317574e-01
8.474576271186440302e-01 2.033898305084748948e-01
6.101694915254237683e-01 5.254237288135598094e-01
2.881355932203389925e-01 8.474576271186434751e-01
1.000000000000000000e+00 6.101694915254234353e-01
1.864406779661016977e-01 1.864406779661016700e-01
7.796610169491525744e-01 6.440677966101698848e-01
1.186440677966101587e-01 5.932203389830502660e-01
4.237288135593220151e-01 6.779661016949163344e-01
6.440677966101695517e-01 8.813559322033899246e-01
9.491525423728812694e-01 8.813559322033899246e-01
4.237288135593220151e-01 2.033898305084748948e-01
2.033898305084746172e-01 4.406779661016949623e-01
5.423728813559322015e-01 6.779661016949163344e-01
2.711864406779661008e-01 3.898305084745765647e-01
6.779661016949153352e-01 7.966101694915262987e-01
0.000000000000000000e+00 8.474576271186484711e-02
2.203389830508474811e-01 7.627118644067799602e-01
6.610169491525423879e-01 4.067796610169497895e-01
2.711864406779661008e-01 7.966101694915262987e-01
7.966101694915254106e-01 6.271186440677966045e-01
6.610169491525423879e-01 3.220338983050849424e-01
9.830508474576271638e-01 7.627118644067799602e-01
3.898305084745762872e-01 8.474576271186484711e-02
6.949152542372881713e-01 6.779661016949163621e-02
2.033898305084746172e-01 7.288135593220335107e-01
8.813559322033899246e-01 1.694915254237321436e-02
9.661016949152542166e-01 4.745762711864401906e-01
2.881355932203389925e-01 2.203389830508481195e-01
5.932203389830508211e-01 8.135593220338971365e-01
6.610169491525423879e-01 4.915254237288134154e-01
6.779661016949152519e-02 8.983050847457632049e-01
1.525423728813559421e-01 1.016949152542380580e-01
1.694915254237288060e-01 4.406779661016949623e-01
5.762711864406779849e-01 1.016949152542380580e-01
6.440677966101695517e-01 7.457627118644066799e-01
5.084745762711865430e-02 8.474576271186484711e-02
4.915254237288135819e-01 6.440677966101698848e-01
1.355932203389830504e-01 8.644067796610167553e-01
1.000000000000000000e+00 5.762711864406769857e-01
9.152542372881355970e-01 7.796610169491531295e-01
7.966101694915254106e-01 1.355932203389832724e-01
8.135593220338984688e-01 5.084745762711964656e-02
8.813559322033899246e-01 8.474576271186484711e-02
1.000000000000000000e+00 4.067796610169497895e-01
4.406779661016949623e-01 5.762711864406769857e-01
8.474576271186438914e-02 4.915254237288134154e-01
1.864406779661016977e-01 5.762711864406769857e-01
7.457627118644067910e-01 3.389830508474581672e-01
8.135593220338984688e-01 4.237288135593217375e-01
7.627118644067796271e-01 5.593220338983062589e-01
1.016949152542373086e-01 4.915254237288134154e-01
5.254237288135593653e-01 2.542372881355933201e-01
8.474576271186440302e-01 7.796610169491531295e-01
2.711864406779661008e-01 2.881355932203397141e-01
1.000000000000000000e+00 8.474576271186434751e-01
2.033898305084746172e-01 4.745762711864401906e-01
8.813559322033899246e-01 9.152542372881363741e-01
9.830508474576271638e-01 2.033898305084748948e-01
7.118644067796610075e-01 4.406779661016949623e-01
7.966101694915254106e-01 8.983050847457632049e-01
8.644067796610168664e-01 5.254237288135598094e-01
8.135593220338984688e-01 3.220338983050849424e-01
8.474576271186440302e-01 3.389830508474581672e-01
3.050847457627118842e-01 1.694915254237296942e-01
7.627118644067796271e-01 4.915254237288134154e-01
5.084745762711865430e-02 5.254237288135598094e-01
7.288135593220339548e-01 4.406779661016949623e-01
8.644067796610168664e-01 8.135593220338971365e-01
5.932203389830508211e-01 6.779661016949163621e-02
0.000000000000000000e+00 8.135593220338971365e-01
9.661016949152542166e-01 9.152542372881363741e-01
8.135593220338984688e-01 6.101694915254234353e-01
3.389830508474576121e-01 3.389830508474581672e-01
4.745762711864406347e-01 8.474576271186484711e-02
8.474576271186438914e-02 2.711864406779665448e-01
2.203389830508474811e-01 5.084745762711964656e-02
8.983050847457627608e-01 9.152542372881363741e-01
9.322033898305085442e-01 4.067796610169497895e-01
4.067796610169492344e-01 4.915254237288134154e-01
5.593220338983050377e-01 3.898305084745765647e-01
9.322033898305085442e-01 2.542372881355933201e-01
5.932203389830508211e-01 4.745762711864401906e-01
4.915254237288135819e-01 4.406779661016949623e-01
8.305084745762710829e-01 0.000000000000000000e+00
9.830508474576271638e-01 6.271186440677966045e-01
9.491525423728812694e-01 9.830508474576268307e-01
4.745762711864406347e-01 4.067796610169497895e-01
5.762711864406779849e-01 5.932203389830502660e-01
9.322033898305085442e-01 2.711864406779665448e-01
7.627118644067796271e-01 8.305084745762703058e-01
4.745762711864406347e-01 5.932203389830502660e-01
3.559322033898305038e-01 7.118644067796602304e-01
6.440677966101695517e-01 8.474576271186434751e-01
1.186440677966101587e-01 7.118644067796602304e-01
6.440677966101695517e-01 9.661016949152535505e-01
1.000000000000000000e+00 4.237288135593217375e-01
4.576271186440677985e-01 1.186440677966100476e-01
2.711864406779661008e-01 4.576271186440681871e-01
5.084745762711865430e-02 5.932203389830502660e-01
1.525423728813559421e-01 6.779661016949163621e-02
4.067796610169492344e-01 3.389830508474642873e-02
8.474576271186440302e-01 8.474576271186434751e-01
1.525423728813559421e-01 8.135593220338971365e-01
3.898305084745762872e-01 3.728813559322033400e-01
8.813559322033899246e-01 7.288135593220335107e-01
9.491525423728812694e-01 1.000000000000000000e+00
2.033898305084746172e-01 1.694915254237296942e-01
2.711864406779661008e-01 6.271186440677966045e-01
8.305084745762710829e-01 6.949152542372870611e-01
7.118644067796610075e-01 1.355932203389832724e-01
4.237288135593220151e-01 7.288135593220335107e-01
2.542372881355932090e-01 3.220338983050849424e-01
0.000000000000000000e+00 7.118644067796602304e-01
1.864406779661016977e-01 4.067796610169497895e-01
5.423728813559322015e-01 8.474576271186484711e-02
4.745762711864406347e-01 2.542372881355933201e-01
6.271186440677967155e-01 4.745762711864401906e-01
8.644067796610168664e-01 3.389830508474581672e-01
2.542372881355932090e-01 5.762711864406769857e-01
3.728813559322033955e-01 3.898305084745765647e-01
1.525423728813559421e-01 7.457627118644066799e-01
7.288135593220339548e-01 3.898305084745765647e-01
1.000000000000000000e+00 2.033898305084748948e-01
6.440677966101695517e-01 4.067796610169497895e-01
6.440677966101695517e-01 1.000000000000000000e+00
9.830508474576271638e-01 8.474576271186434751e-01
1.186440677966101587e-01 5.254237288135598094e-01
7.118644067796610075e-01 2.203389830508481195e-01
7.288135593220339548e-01 7.796610169491531295e-01
9.491525423728812694e-01 9.322033898305071009e-01
4.576271186440677985e-01 0.000000000000000000e+00
3.559322033898305038e-01 6.440677966101698848e-01
2.203389830508474811e-01 3.728813559322033400e-01
3.220338983050847204e-01 2.542372881355933201e-01
7.796610169491525744e-01 6.610169491525430541e-01
4.406779661016949623e-01 9.152542372881363741e-01
9.830508474576271638e-01 8.305084745762703058e-01
4.067796610169492344e-01 2.372881355932200953e-01
5.084745762711864181e-01 2.033898305084748948e-01
6.101694915254237683e-01 5.084745762711964656e-02
5.423728813559322015e-01 6.440677966101698848e-01
1.000000000000000000e+00 3.220338983050849424e-01
8.474576271186438914e-02 2.033898305084748948e-01
5.084745762711865430e-02 7.627118644067799602e-01
6.440677966101695517e-01 5.932203389830502660e-01
1.694915254237287089e-02 6.440677966101698848e-01
2.711864406779661008e-01 5.254237288135598094e-01
7.118644067796610075e-01 5.932203389830502660e-01
4.745762711864406347e-01 7.457627118644066799e-01
6.101694915254237683e-01 0.000000000000000000e+00
1.525423728813559421e-01 6.271186440677966045e-01
7.796610169491525744e-01 7.796610169491531295e-01
4.067796610169492344e-01 3.728813559322033400e-01
6.440677966101695517e-01 8.135593220338971365e-01
8.983050847457627608e-01 8.474576271186434751e-01
1.694915254237287089e-02 5.762711864406769857e-01
2.033898305084746172e-01 2.711864406779665448e-01
1.694915254237288060e-01 8.305084745762703058e-01
5.593220338983050377e-01 6.949152542372870611e-01
2.542372881355932090e-01 5.084745762711964656e-02
6.779661016949153352e-01 7.118644067796602304e-01
1.016949152542373086e-01 2.542372881355933201e-01
9.661016949152542166e-01 1.864406779661016700e-01
2.203389830508474811e-01 2.711864406779665448e-01
1.694915254237287089e-02 5.932203389830502660e-01
2.881355932203389925e-01 6.271186440677966045e-01
2.203389830508474811e-01 4.915254237288134154e-01
7.796610169491525744e-01 2.711864406779665448e-01
8.474576271186440302e-01 5.084745762711866401e-01
1.000000000000000000e+00 3.728813559322033400e-01
3.559322033898305038e-01 1.694915254237321436e-02
8.474576271186438914e-02 7.457627118644066799e-01
5.084745762711864181e-01 2.881355932203397141e-01
7.118644067796610075e-01 9.322033898305071009e-01
5.254237288135593653e-01 5.932203389830502660e-01
3.389830508474576121e-01 7.966101694915262987e-01
5.254237288135593653e-01 6.101694915254234353e-01
1.016949152542373086e-01 2.203389830508481195e-01
4.237288135593220151e-01 3.050847457627117176e-01
5.423728813559322015e-01 5.932203389830502660e-01
7.627118644067796271e-01 4.406779661016949623e-01
8.135593220338984688e-01 3.389830508474642873e-02
7.457627118644067910e-01 6.779661016949163621e-02
7.288135593220339548e-01 1.186440677966100476e-01
3.389830508474576121e-01 8.983050847457632049e-01
7.966101694915254106e-01 6.440677966101698848e-01
7.457627118644067910e-01 7.796610169491531295e-01
6.271186440677967155e-01 2.372881355932200953e-01
2.711864406779661008e-01 9.322033898305071009e-01
4.067796610169492344e-01 2.542372881355933201e-01
6.271186440677967155e-01 8.135593220338971365e-01
6.271186440677967155e-01 3.728813559322033400e-01
9.661016949152542166e-01 3.389830508474581672e-01
6.440677966101695517e-01 9.491525423728803812e-01
2.542372881355932090e-01 0.000000000000000000e+00
3.728813559322033955e-01 3.559322033898301152e-01
8.983050847457627608e-01 9.491525423728803812e-01
1.864406779661016977e-01 3.050847457627117176e-01
5.932203389830508211e-01 8.474576271186484711e-02
9.830508474576271638e-01 1.694915254237296942e-01
4.745762711864406347e-01 1.016949152542380580e-01
6.779661016949152519e-02 2.372881355932200953e-01
9.661016949152542166e-01 6.440677966101698848e-01
7.796610169491525744e-01 4.406779661016949623e-01
8.644067796610168664e-01 1.186440677966100476e-01
2.881355932203389925e-01 4.576271186440681871e-01
8.644067796610168664e-01 9.661016949152535505e-01
1.694915254237287089e-02 7.288135593220335107e-01
5.084745762711865430e-02 9.661016949152535505e-01
6.610169491525423879e-01 6.779661016949163621e-02
8.983050847457627608e-01 4.745762711864401906e-01
6.779661016949153352e-01 6.779661016949163621e-02
2.711864406779661008e-01 1.186440677966100476e-01
8.305084745762710829e-01 2.033898305084748948e-01
4.067796610169492344e-01 6.779661016949163344e-01
3.898305084745762872e-01 1.694915254237321436e-02
4.067796610169492344e-01 9.491525423728803812e-01
4.915254237288135819e-01 1.864406779661016700e-01
7.118644067796610075e-01 6.779661016949163621e-02
5.762711864406779849e-01 3.050847457627117176e-01
1.525423728813559421e-01 4.576271186440681871e-01
7.457627118644067910e-01 9.661016949152535505e-01
6.779661016949153352e-01 8.305084745762703058e-01
4.745762711864406347e-01 7.118644067796602304e-01
9.491525423728812694e-01 6.779661016949163344e-01
4.237288135593220151e-01 3.220338983050849424e-01
3.050847457627118842e-01 8.474576271186434751e-01
3.050847457627118842e-01 6.779661016949163344e-01
7.288135593220339548e-01 8.983050847457632049e-01
6.779661016949152519e-02 2.711864406779665448e-01
7.627118644067796271e-01 6.779661016949163621e-02
6.440677966101695517e-01 2.203389830508481195e-01
6.101694915254237683e-01 5.932203389830502660e-01
7.457627118644067910e-01 2.372881355932200953e-01
4.915254237288135819e-01 2.372881355932200953e-01
8.305084745762710829e-01 7.966101694915262987e-01
6.271186440677967155e-01 7.796610169491531295e-01
7.118644067796610075e-01 4.915254237288134154e-01
9.152542372881355970e-01 2.881355932203397141e-01
3.389830508474578341e-02 1.016949152542380580e-01
7.457627118644067910e-01 5.932203389830502660e-01
8.813559322033899246e-01 8.644067796610167553e-01
5.084745762711864181e-01 0.000000000000000000e+00
7.118644067796610075e-01 6.610169491525430541e-01
4.237288135593220151e-01 8.474576271186484711e-02
5.932203389830508211e-01 4.576271186440681871e-01
7.118644067796610075e-01 9.830508474576268307e-01
1.864406779661016977e-01 9.661016949152535505e-01
3.220338983050847204e-01 3.728813559322033400e-01
3.389830508474576121e-01 4.576271186440681871e-01
6.610169491525423879e-01 7.796610169491531295e-01
9.152542372881355970e-01 4.576271186440681871e-01
4.237288135593220151e-01 2.881355932203397141e-01
8.474576271186438914e-02 1.016949152542380580e-01
6.271186440677967155e-01 9.152542372881363741e-01
9.322033898305085442e-01 7.457627118644066799e-01
9.661016949152542166e-01 2.033898305084748948e-01
2.711864406779661008e-01 3.559322033898301152e-01
9.661016949152542166e-01 3.220338983050849424e-01
1.694915254237287089e-02 6.779661016949163621e-02
9.830508474576271638e-01 8.135593220338971365e-01
1.694915254237288060e-01 7.288135593220335107e-01
6.779661016949152519e-02 1.000000000000000000e+00
8.474576271186438914e-02 2.881355932203397141e-01
2.203389830508474811e-01 3.389830508474642873e-02
6.779661016949152519e-02 0.000000000000000000e+00
8.644067796610168664e-01 3.559322033898301152e-01
5.423728813559322015e-01 2.542372881355933201e-01
8.135593220338984688e-01 1.525423728813564694e-01
5.932203389830508211e-01 2.881355932203397141e-01
3.559322033898305038e-01 8.474576271186484711e-02
5.084745762711864181e-01 1.355932203389832724e-01
5.593220338983050377e-01 6.271186440677966045e-01
3.389830508474576121e-01 8.135593220338971365e-01
4.745762711864406347e-01 7.966101694915262987e-01
1.000000000000000000e+00 3.389830508474642873e-02
3.559322033898305038e-01 5.084745762711964656e-02
3.898305084745762872e-01 5.084745762711964656e-02
1.186440677966101587e-01 2.711864406779665448e-01
6.101694915254237683e-01 3.050847457627117176e-01
0.000000000000000000e+00 7.627118644067799602e-01
4.237288135593220151e-01 7.627118644067799602e-01
1.000000000000000000e+00 8.644067796610167553e-01
8.474576271186440302e-01 6.949152542372870611e-01
3.728813559322033955e-01 7.118644067796602304e-01
4.237288135593220151e-01 8.474576271186434751e-01
2.542372881355932090e-01 4.237288135593217375e-01
6.440677966101695517e-01 6.610169491525430541e-01
9.152542372881355970e-01 1.355932203389832724e-01
5.593220338983050377e-01 3.728813559322033400e-01
8.305084745762710829e-01 9.322033898305071009e-01
7.288135593220339548e-01 2.033898305084748948e-01
3.050847457627118842e-01 8.474576271186484711e-02
5.084745762711865430e-02 3.559322033898301152e-01
9.322033898305085442e-01 4.576271186440681871e-01
3.559322033898305038e-01 7.796610169491531295e-01
1.694915254237287089e-02 7.457627118644066799e-01
0.000000000000000000e+00 5.084745762711866401e-01
3.389830508474578341e-02 8.983050847457632049e-01
8.135593220338984688e-01 4.576271186440681871e-01
9.491525423728812694e-01 7.457627118644066799e-01
1.694915254237288060e-01 5.084745762711964656e-02
0.000000000000000000e+00 4.915254237288134154e-01
7.796610169491525744e-01 5.254237288135598094e-01
7.966101694915254106e-01 9.322033898305071009e-01
3.728813559322033955e-01 6.949152542372870611e-01
8.983050847457627608e-01 7.966101694915262987e-01
9.830508474576271638e-01 6.779661016949163344e-01
9.491525423728812694e-01 4.067796610169497895e-01
9.491525423728812694e-01 5.762711864406769857e-01
5.084745762711864181e-01 9.491525423728803812e-01
3.389830508474576121e-01 7.796610169491531295e-01
1.864406779661016977e-01 2.881355932203397141e-01
3.389830508474578341e-02 7.118644067796602304e-01
9.152542372881355970e-01 3.220338983050849424e-01
6.949152542372881713e-01 5.084745762711964656e-02
6.440677966101695517e-01 9.322033898305071009e-01
7.288135593220339548e-01 4.576271186440681871e-01
4.406779661016949623e-01 4.915254237288134154e-01
6.101694915254237683e-01 5.762711864406769857e-01
4.406779661016949623e-01 2.881355932203397141e-01
4.915254237288135819e-01 2.881355932203397141e-01
2.033898305084746172e-01 5.593220338983062589e-01
7.627118644067796271e-01 9.491525423728803812e-01
2.711864406779661008e-01 9.152542372881363741e-01
9.491525423728812694e-01 7.966101694915262987e-01
7.118644067796610075e-01 8.474576271186434751e-01
7.796610169491525744e-01 3.050847457627117176e-01
8.983050847457627608e-01 2.711864406779665448e-01
8.474576271186438914e-02 7.627118644067799602e-01
1.694915254237287089e-02 1.355932203389832724e-01
5.423728813559322015e-01 3.389830508474642873e-02
2.372881355932203173e-01 3.050847457627117176e-01
8.813559322033899246e-01 1.525423728813564694e-01
4.576271186440677985e-01 4.576271186440681871e-01
8.474576271186440302e-01 9.661016949152535505e-01
8.644067796610168664e-01 0.000000000000000000e+00
3.728813559322033955e-01 5.254237288135598094e-01
4.406779661016949623e-01 8.813559322033899246e-01
3.389830508474578341e-02 3.728813559322033400e-01
8.305084745762710829e-01 8.135593220338971365e-01
4.406779661016949623e-01 1.525423728813564694e-01
3.389830508474578341e-02 0.000000000000000000e+00
6.779661016949153352e-01 5.423728813559317574e-01
3.050847457627118842e-01 3.728813559322033400e-01
6.610169491525423879e-01 1.694915254237321436e-02
3.050847457627118842e-01 4.745762711864401906e-01
5.762711864406779849e-01 1.525423728813564694e-01
9.830508474576271638e-01 2.542372881355933201e-01
5.762711864406779849e-01 4.576271186440681871e-01
2.711864406779661008e-01 4.915254237288134154e-01
2.881355932203389925e-01 5.084745762711866401e-01
9.491525423728812694e-01 4.406779661016949623e-01
3.050847457627118842e-01 1.525423728813564694e-01
7.457627118644067910e-01 1.355932203389832724e-01
9.830508474576271638e-01 5.423728813559317574e-01
1.525423728813559421e-01 5.932203389830502660e-01
4.576271186440677985e-01 4.915254237288134154e-01
6.440677966101695517e-01 9.830508474576268307e-01
1.000000000000000000e+00 1.694915254237296942e-01
5.762711864406779849e-01 6.271186440677966045e-01
4.576271186440677985e-01 6.779661016949163621e-02
